------------------------------------------------
       4-BIT DOWN COUNTER SIMULATION
------------------------------------------------
Time    Reset   Count   Binary
------------------------------------------------
6       1       15      1111
16      0       14      1110
26      0       13      1101
36      0       12      1100
46      0       11      1011
56      0       10      1010
66      0       9       1001
76      0       8       1000
86      0       7       0111
96      0       6       0110
106     0       5       0101
116     0       4       0100
126     0       3       0011
136     0       2       0010
146     0       1       0001
156     0       0       0000
166     0       15      1111
176     0       14      1110
186     0       13      1101
------------------------------------------------
Simulation completed.
------------------------------------------------